Module	Transcript_Id	Locus_Tag	Expression_Fold_Change	Expression_Pvalue	FoldChange_Module	FisherTest_Module
4	AAG03440	PA0050	-1.06544202733936	0.260197935219696	1.0679256928958267	6.812204262014585e-08
4	AAG03567	PA0177	-1.32183080255928	0.194250311282658	1.0679256928958267	6.812204262014585e-08
4	AAG03968	PA0579	-1.04779250117985	0.0506180586528731	1.0679256928958267	6.812204262014585e-08
4	AAG04132	PA0743	-1.06766023331831	0.0828791884959745	1.0679256928958267	6.812204262014585e-08
4	AAG05276	PA1887	3.6413523141298	0.260935562925614	1.0679256928958267	6.812204262014585e-08
4	AAG05454	PA2066	1.07629372041126	0.233178738577923	1.0679256928958267	6.812204262014585e-08
4	AAG05457	PA2069	1.6513194283618	0.0839783835076722	1.0679256928958267	6.812204262014585e-08
4	AAG05541	PA2153	1.07637307608166	0.15012375688071	1.0679256928958267	6.812204262014585e-08
4	AAG06604	PA3216	-1.12893123525734	0.239560730793636	1.0679256928958267	6.812204262014585e-08
4	AAG06867	PA3479	1.11284467563695	0.0847189547675367	1.0679256928958267	6.812204262014585e-08
4	AAG07598	PA4211	1.77709796211411	0.669037370938597	1.0679256928958267	6.812204262014585e-08
4	AAG08125	PA4739	1.05605184340211	0.276954485482116	1.0679256928958267	6.812204262014585e-08
6	AAG04341	PA0952	1.04841876232178	0.105891039282471	1.0459778490236082	0.0014400931020475214
6	AAG05656	PA2268	1.64515465097149	0.0515065974056681	1.0459778490236082	0.0014400931020475214
6	AAG08658	PA5273	-1.02626057159287	0.061311610964126	1.0459778490236082	0.0014400931020475214
7	AAG03442	PA0052	1.39712903673635	0.346725172624648	1.2656712328767121	1.051573767094497e-06
7	AAG04603	PA1214	1.36515604657722	0.122054842120425	1.2656712328767121	1.051573767094497e-06
7	AAG04608	PA1219	1.39959460113069	0.568056606632068	1.2656712328767121	1.051573767094497e-06
7	AAG05288	PA1899	-1.93486062792811	0.116861088473522	1.2656712328767121	1.051573767094497e-06
7	AAG05289	PA1900	-1.01158583502769	0.0912086708704017	1.2656712328767121	1.051573767094497e-06
7	AAG05291	PA1902	-1.07093718331563	0.280207691504433	1.2656712328767121	1.051573767094497e-06
7	AAO42617	PA1905	-1.91528223141647	NA	1.2656712328767121	1.051573767094497e-06
7	AAG07599	PA4212	-1.33373495429477	0.125824456453227	1.2656712328767121	1.051573767094497e-06
9	AAG03901	PA0512	-1.46403748353057	0.0573273120251979	1.6935832732516225	2.6316715511562537e-11
9	AAG03906	PA0517	-1.04998098315602	0.170971660542289	1.6935832732516225	2.6316715511562537e-11
9	AAG06781	PA3393	1.27234849332578	0.0652780758022366	1.6935832732516225	2.6316715511562537e-11
9	AAG06782	PA3394	1.5656161904911	0.207751789807018	1.6935832732516225	2.6316715511562537e-11
9	AAG07975	PA4587	-1.23826496716825	0.103623817837075	1.6935832732516225	2.6316715511562537e-11
11	AAG06149	PA2761	1.16564079546191	0.0978299556476662	1.1707987651939031	0.002688399199137499
12	AAG03583	PA0193	1.04922587361243	0.280631102854683	1.4556751467710372	1.0080652293236918e-06
12	AAG03584	PA0194	1.15449380213007	0.237938193763784	1.4556751467710372	1.0080652293236918e-06
12	AAG05474	PA2086	-1.52603051949167	0.189033291370498	1.4556751467710372	1.0080652293236918e-06
12	AAG05476	PA2088	-1.02413475438487	0.414860989679712	1.4556751467710372	1.0080652293236918e-06
12	AAG06772	PA3384	1.75156083746984	0.177115782108311	1.4556751467710372	1.0080652293236918e-06
14	AAG03591	PA0202	3.56556684849866	0.355605560312068	1.6809445921079536	6.550870054366697e-10
14	AAG03599	PA0210	2.12934476481094	0.053448475557061	1.6809445921079536	6.550870054366697e-10
14	AAG05810	PA2422	-1.17950718047107	0.0627252148760415	1.6809445921079536	6.550870054366697e-10
14	AAG06577	PA3189	1.60357776532302	0.0674413683964453	1.6809445921079536	6.550870054366697e-10
14	AAG07536	PA4149	1.19210109040199	0.154292615478713	1.6809445921079536	6.550870054366697e-10
14	AAG07538	PA4151	1.02440476635832	0.0723854476196446	1.6809445921079536	6.550870054366697e-10
14	AAG08314	PA4929	1.01547283763767	0.0627597085551558	1.6809445921079536	6.550870054366697e-10
23	AAG05290	PA1901	1.11043017306903	0.481861606885798	2.0342465753424657	4.719928701540611e-08
23	AAG05784	PA2396	3.6413523141298	0.260935562925614	2.0342465753424657	4.719928701540611e-08
23	AAG05786	PA2398	3.6413523141298	0.260935562925614	2.0342465753424657	4.719928701540611e-08
24	AAG04108	PA0719	-2.41327591886002	0.0539977268602037	1.2449853228962817	0.02973931081815017
24	AAG06876	PA3488	2.35417021320273	0.560093481668728	1.2449853228962817	0.02973931081815017
24	AAG06969	PA3581	1.31175480945299	0.339634846950557	1.2449853228962817	0.02973931081815017
24	AAG06972	PA3584	1.07910134169577	0.430337431779111	1.2449853228962817	0.02973931081815017
25	AAG05743	PA2355	1.19928209428877	0.078245147004732	1.1344836670179135	0.07868524100900989
25	AAG06765	PA3377	1.04020269441653	0.30093354127687	1.1344836670179135	0.07868524100900989
25	AAG06769	PA3381	1.99910775748926	0.102573364560977	1.1344836670179135	0.07868524100900989
28	AAG04539	PA1150	3.46952012423231	0.370673651303517	1.584526774595268	0.002427593558964751
28	AAG04541	PA1152	4.15520522989773	0.0807568442908989	1.584526774595268	0.002427593558964751
28	AAG07128	PA3741	1.25450271585544	0.0544967045215511	1.584526774595268	0.002427593558964751
32	AAG04709	PA1320	1.01503175655356	0.100752086693438	1.4748287671232876	0.008813604208295828
36	AAG07264	PA3877	1.41869417185333	0.0653190823741499	1.608904109589041	0.0068076025806239745
36	AAG07302	PA3915	1.40971397061557	0.100863699359709	1.608904109589041	0.0068076025806239745
41	AAG05084	PA1695	1.24415793739744	0.09411258525033	2.0626975763962063	0.00023127620366302003
41	AAG05090	PA1701	1.23705610540403	0.114767212382427	2.0626975763962063	0.00023127620366302003
44	AAG05452	PA2064	-1.37886451234276	0.296638572937704	1.340753424657534	0.09681279498396964
44	AAG06007	PA2619	-1.05770557941951	0.0846397995989944	1.340753424657534	0.09681279498396964
47	AAG05902	PA2514	1.07469388901249	0.296638572937704	1.2188667496886676	0.17719435166537276
